1,
1.07177,
1.1487,
1.23114,
1.31951,
1.41421,
1.51572,
1.6245,
1.7411,
1.86607,
2,
2.14355,
2.2974,
2.46229,
2.63902,
2.82843,
3.03143,
3.24901,
3.4822,
3.73213,
4,
4.28709,
4.59479,
4.92458,
5.27803,
5.65685,
6.06287,
6.49802,
6.9644,
7.46426,
8,
8.57419,
9.18959,
9.84916,
10.5561,
11.3137,
12.1257,
12.996,
13.9288,
14.9285,
16,
17.1484,
18.3792,
19.6983,
21.1121,
22.6274,
24.2515,
25.9921,
27.8576,
29.8571,
32,
34.2968,
36.7583,
39.3966,
42.2243,
45.2548,
48.5029,
51.9842,
55.7152,
59.7141,
64,
68.5935,
73.5167,
78.7932,
84.4485,
90.5097,
97.0059,
103.968,
111.43,
119.428,
128,
137.187,
147.033,
157.586,
168.897,
181.019,
194.012,
207.937,
222.861,
238.856,
256,
274.374,
294.067,
315.173,
337.794,
362.039,
388.023,
415.873,
445.722,
477.713,
512,
548.748,
588.134,
630.346,
675.588,
724.077,
776.047,
831.746,
891.444,
955.426,
1024,
1097.5,
1176.27,
1260.69,
1351.18,
1448.15,
1552.09,
1663.49,
1782.89,
1910.85,
2048,
2194.99,
2352.53,
2521.38,
2702.35,
2896.31,
3104.19,
3326.99,
3565.78,
3821.7,
4096,
4389.98,
4705.07,
5042.77,
5404.7,
5792.62,
6208.38,
6653.97,
7131.55,
7643.41,
8192,
8779.97,
9410.14,
10085.5,
10809.4,
11585.2,
12416.8,
13307.9,
14263.1,
15286.8,
16384,
17559.9,
18820.3,
20171.1,
21618.8,
23170.5,
24833.5,
26615.9,
28526.2,
30573.6,
32768,
35119.9,
37640.5,
40342.1,
43237.6,
46341,
49667,
53231.8,
57052.4,
61147.3,
65536,
70239.7,
75281.1,
80684.3,
86475.3,
92681.9,
99334,
106464,
114105,
122295,
131072,
140479,
150562,
161369,
172951,
185364,
198668,
212927,
228210,
244589,
262144,
280959,
301124,
322737,
345901,
370728,
397336,
425854,
456419,
489178,
524288,
561918,
602249,
645474,
691802,
741455,
794672,
851708,
912838,
978356,
